UI_Distance=3.000000
UI_Size=2.000000